0,429
0,428
75,35
35,22
35,21
35,20
35,19
35,18
35,17
35,16
35,15
35,14
35,13
35,12
35,10
35,5
35,3
35,1
34,9
34,8
34,7
34,6
34,5
34,1
33,321
33,320
33,319
33,318
33,317
33,316
33,315
33,314
33,313
33,312
33,311
33,310
33,309
33,308
33,307
33,306
33,305
33,304
33,257
33,256
33,225
33,195
33,194
33,193
33,192
3,2
3,1
3,3
33,127
33,126
33,125
33,124
33,123
33,122
33,121
33,120
33,119
33,118
33,117
33,116
33,115
33,114
33,113
33,112
33,111
33,110
33,109
10,26
33,108
10,200
10,230
33,107
10,292
10,198
10,112
10,66
33,105
10,152
10,2
10,3
33,104
11,10
11,11
11,27
11,16
11,22
11,6
11,12
33,102
33,101
11,8
11,3
33,100
33,99
9,4
9,6
33,97
33,96
33,95
33,94
33,93
8,16
8,18
8,11
8,13
8,2
33,92
8,3
0,318
33,91
12,2
12,1
12,3
33,90
33,1
33,89
33,88
33,87
20,1
20,3
33,86
33,85
33,84
33,83
33,82
33,68
33,67
29,1
29,3
27,3
27,1
26,4
26,3
26,1
